[{"id": 0, "img_name": "r_000", "width": 800, "height": 800, "position": [2.262706921431058, -1.792913410539523, 2.813470840454104], "rotation": [[0.6210443973541259, 0.5470252037048341, -0.5613085031509398], [0.7837754487991333, -0.43344932794570923, 0.4447670578956604], [-1.490116285349643e-08, -0.7161599397659302, -0.6979361772537233]], "fy": 1111.1110311937682, "fx": 1111.1110311937682}, {"id": 1, "img_name": "r_001", "width": 800, "height": 800, "position": [1.8884350537206198, 1.5935315521974867, 3.1850385665893564], "rotation": [[-0.6449098587036133, 0.6038489937782288, -0.4684630334377289], [0.7642587423324585, 0.509550154209137, -0.3953064978122712], [-1.49011631011674e-08, -0.6129638552665713, -0.7901107668876649]], "fy": 1111.1110311937682, "fx": 1111.1110311937682}, {"id": 2, "img_name": "r_002", "width": 800, "height": 800, "position": [1.6235857127278486, 3.527973646483621, 1.0804499387741093], "rotation": [[-0.9084203839302065, 0.11205071955919267, -0.40276202559471125], [0.4180581867694855, 0.2434808164834977, -0.8751825094223021], [-7.450582368478257e-09, -0.9634113311767579, -0.2680266499519349]], "fy": 1111.1110311937682, "fx": 1111.1110311937682}, {"id": 3, "img_name": "r_003", "width": 800, "height": 800, "position": [-2.4737553061104967, 3.0532208375284706, 0.899097859859468], "rotation": [[-0.7769833207130433, -0.14040757715702054, 0.613663136959076], [-0.6295210123062134, 0.1732973903417587, -0.7574108839035035], [7.450580155132111e-09, -0.9748095870018005, -0.22303871810436246]], "fy": 1111.1110311937682, "fx": 1111.1110311937682}, {"id": 4, "img_name": "r_004", "width": 800, "height": 800, "position": [2.117943538815153, 2.9946908855323433, 1.6721670627593999], "rotation": [[-0.8164480924606324, 0.2395211905241012, -0.5253971219062805], [0.5774188041687011, 0.33867377042770386, -0.7428913712501528], [-0.0, -0.9099064469337464, -0.4148135781288147]], "fy": 1111.1110311937682, "fx": 1111.1110311937682}, {"id": 5, "img_name": "r_005", "width": 800, "height": 800, "position": [-1.69169351854954, 2.0109088638234525, 3.056864023208618], "rotation": [[-0.7652304768562317, -0.48816990852355946, 0.4196574985980988], [-0.643756330013275, 0.5802854895591735, -0.49884507060050964], [-8.418983394071632e-17, -0.6518886685371399, -0.7583146095275879]], "fy": 1111.1110311937682, "fx": 1111.1110311937682}, {"id": 6, "img_name": "r_006", "width": 800, "height": 800, "position": [1.8849517161812, -0.3987968006982793, 3.5408923625946036], "rotation": [[0.20698693394660947, 0.8593646287918092, -0.4675989449024199], [0.9783437252044677, -0.18181468546390536, 0.09892930835485457], [-7.4505805888511905e-09, -0.4779495894908904, -0.8783872127532959]], "fy": 1111.1110311937682, "fx": 1111.1110311937682}, {"id": 7, "img_name": "r_007", "width": 800, "height": 800, "position": [-2.341011328986792, -1.401519107177317, 2.9673910140991215], "rotation": [[0.513663411140442, -0.6315841078758238, 0.5807334184646605], [-0.8579917550086976, -0.3781174421310425, 0.3476741015911103], [-7.011992222646768e-17, -0.6768519878387451, -0.7361190915107727]], "fy": 1111.1110311937682, "fx": 1111.1110311937682}, {"id": 8, "img_name": "r_008", "width": 800, "height": 800, "position": [1.3078784830813417, -2.4717784617846377, 2.903405666351316], "rotation": [[0.883892834186554, 0.33685153722763067, -0.3244447410106659], [0.4676893949508667, -0.63662052154541, 0.6131727695465088], [1.4901161227344477e-08, -0.6937183141708373, -0.7202463150024416]], "fy": 1111.1110311937682, "fx": 1111.1110311937682}, {"id": 9, "img_name": "r_009", "width": 800, "height": 800, "position": [2.2858289384140287, -2.606138580772627, 2.05743217468262], "rotation": [[0.7517959475517272, 0.3365465104579926, -0.5670443773269654], [0.6593958139419556, -0.38370624184608476, 0.6465033888816835], [-1.490116119474786e-08, -0.8599453568458558, -0.5103861093521118]], "fy": 1111.1110311937682, "fx": 1111.1110311937682}, {"id": 10, "img_name": "r_010", "width": 800, "height": 800, "position": [-0.9439520866759535, -0.42424338368858966, 3.8960199356079106], "rotation": [[0.4099346995353699, -0.8815440535545349, 0.23416568338871002], [-0.9121149182319641, -0.39619514346122736, 0.10524182766675948], [-0.0, -0.2567281424999237, -0.9664835929870604]], "fy": 1111.1110311937682, "fx": 1111.1110311937682}, {"id": 11, "img_name": "r_011", "width": 800, "height": 800, "position": [1.0872001772297468, 1.1056303855690883, 3.7209646701812744], "rotation": [[-0.7130247354507445, 0.6471917629241944, -0.26970112323761], [0.7011389732360841, 0.6581629514694212, -0.2742730975151063], [-5.123999421217292e-17, -0.38466140627861023, -0.9230576753616333]], "fy": 1111.1110311937682, "fx": 1111.1110311937682}, {"id": 12, "img_name": "r_012", "width": 800, "height": 800, "position": [0.4644884627496905, 2.11020946149683, 3.403126001358033], "rotation": [[-0.9766208529472352, 0.1814791262149811, -0.1152253970503807], [0.21496878564357758, 0.8244746923446656, -0.5234785079956055], [1.1715789976687671e-17, -0.5360098481178284, -0.8442116379737854]], "fy": 1111.1110311937682, "fx": 1111.1110311937682}, {"id": 13, "img_name": "r_013", "width": 800, "height": 800, "position": [0.20626338320848078, 2.9091968543435227, 2.7828094959259033], "rotation": [[-0.997495949268341, 0.048822157084941864, -0.051167648285627365], [0.07072291523218155, 0.6886014342308044, -0.7216829061508178], [-0.0, -0.7234944701194763, -0.6903300881385804]], "fy": 1111.1110311937682, "fx": 1111.1110311937682}, {"id": 14, "img_name": "r_014", "width": 800, "height": 800, "position": [0.028251067499391352, 2.7904005050777347, 2.909100532531738], "rotation": [[-0.9999486804008483, 0.007305973675101997, -0.0070082275196909904], [0.010123857297003271, 0.7216219902038575, -0.6922131776809692], [-6.259394085413933e-19, -0.6922485828399657, -0.721659004688263]], "fy": 1111.1110311937682, "fx": 1111.1110311937682}, {"id": 15, "img_name": "r_015", "width": 800, "height": 800, "position": [3.0302036574665103, -2.1736036663154117, 1.530788540840149], "rotation": [[0.5828657746315002, 0.30856630206108093, -0.7517009973526002], [0.8125685453414917, -0.22133855521678927, 0.5392047166824341], [-0.0, -0.9250925183296204, -0.379741907119751]], "fy": 1111.1110311937682, "fx": 1111.1110311937682}, {"id": 16, "img_name": "r_016", "width": 800, "height": 800, "position": [-1.8284243500740303, -2.9902639293968623, 1.9912774562835696], "rotation": [[0.8531497120857238, -0.25769016146659857, 0.45357623696327215], [-0.521666169166565, -0.4214347600936891, 0.7417931556701661], [-0.0, -0.8694760203361512, -0.49397513270378113]], "fy": 1111.1110311937682, "fx": 1111.1110311937682}, {"id": 17, "img_name": "r_017", "width": 800, "height": 800, "position": [3.1996622224664746, -1.0879216977161101, 2.1974043846130367], "rotation": [[0.3219124078750611, 0.5160925388336182, -0.7937385439872743], [0.9467693567276002, -0.17547737061977386, 0.2698801755905152], [-0.0, -0.8383652567863463, -0.5451089143753051]], "fy": 1111.1110311937682, "fx": 1111.1110311937682}, {"id": 18, "img_name": "r_018", "width": 800, "height": 800, "position": [0.30375189075562653, -3.9278123398038853, 0.8544143438339237], "rotation": [[0.997023105621338, 0.016342382878065113, -0.07535158097743988], [0.077103391289711, -0.2113231718540192, 0.9743704199790955], [-1.862644928055514e-09, -0.9772796630859376, -0.2119541317224503]], "fy": 1111.1110311937682, "fx": 1111.1110311937682}, {"id": 19, "img_name": "r_019", "width": 800, "height": 800, "position": [-3.207652081057712, -1.789167781384311, 1.6612788438796997], "rotation": [[0.48712754249572754, -0.3599105775356293, 0.7957205176353455], [-0.8733309507369995, -0.20075133442878723, 0.4438378810882568], [-0.0, -0.9111328721046448, -0.4121125638484955]], "fy": 1111.1110311937682, "fx": 1111.1110311937682}, {"id": 20, "img_name": "r_000", "width": 800, "height": 800, "position": [0.022042797432064058, -0.07680222351432672, 4.030336856842041], "rotation": [[0.961194932460785, 0.27581572532653814, -0.0054681445471942425], [0.27586990594863886, -0.9610061049461365, 0.019052285701036453], [-1.7343825741668589e-18, -0.01982264779508114, -0.9998034834861756]], "fy": 1111.1110311937682, "fx": 1111.1110311937682}, {"id": 21, "img_name": "r_001", "width": 800, "height": 800, "position": [-3.1275208570802056, 1.5371369146785936, 2.0262832641601523], "rotation": [[-0.44109135866165156, -0.4511174857616425, 0.7758424282073975], [-0.897462248802185, 0.22171856462955475, -0.38131675124168396], [-2.9802322386252852e-08, -0.8644847869873048, -0.502659022808075]], "fy": 1111.1110311937682, "fx": 1111.1110311937682}, {"id": 22, "img_name": "r_002", "width": 800, "height": 800, "position": [-1.0211135516513958, 1.447588501921178, 3.621023893356323], "rotation": [[-0.817157506942749, -0.5177730917930602, 0.25330707430839533], [-0.5764142870903013, 0.7340244650840758, -0.3591024577617645], [-4.986374765261944e-17, -0.43945321440696716, -0.8982654213905334]], "fy": 1111.1110311937682, "fx": 1111.1110311937682}, {"id": 23, "img_name": "r_003", "width": 800, "height": 800, "position": [-2.214114932725837, -2.3294882505158743, 2.4333474636077863], "rotation": [[0.72482830286026, -0.4158647954463958, 0.5492542386054993], [-0.6889294385910034, -0.43753474950790394, 0.5778748393058777], [1.4901160378302815e-08, -0.797257661819458, -0.6036391258239745]], "fy": 1111.1110311937682, "fx": 1111.1110311937682}, {"id": 24, "img_name": "r_004", "width": 800, "height": 800, "position": [1.399630746992504, -3.435846295652165, 1.5767037868499745], "rotation": [[0.9261072278022767, 0.14755855500698092, -0.3472056090831757], [0.3772601783275606, -0.3622302114963532, 0.8523284792900085], [-1.49011603571405e-08, -0.9203345179557801, -0.3911320269107819]], "fy": 1111.1110311937682, "fx": 1111.1110311937682}, {"id": 25, "img_name": "r_005", "width": 800, "height": 800, "position": [-3.7177109763542133, -0.8238195572874558, 1.3228554725646975], "rotation": [[0.21634520590305328, -0.3203882277011871, 0.9222505688667297], [-0.9763168692588806, -0.07099585980176927, 0.20436447858810425], [1.2798797423434985e-17, -0.9446221590042114, -0.32816004753112793]], "fy": 1111.1110311937682, "fx": 1111.1110311937682}, {"id": 26, "img_name": "r_006", "width": 800, "height": 800, "position": [1.2586321848749065, -2.486605643315, 2.9124965667724605], "rotation": [[0.8922162652015685, 0.32628771662712086, -0.31222820281982416], [0.4516084492206573, -0.6446274518966675, 0.6168509125709535], [-4.010688762976047e-17, -0.6913692355155946, -0.7225014567375184]], "fy": 1111.1110311937682, "fx": 1111.1110311937682}, {"id": 27, "img_name": "r_007", "width": 800, "height": 800, "position": [1.1235942281360434, 1.0635345505623321, 3.722422599792478], "rotation": [[-0.6874301433563232, 0.6706337928771975, -0.27872940897941595], [0.7262504696846008, 0.6347863674163818, -0.2638304531574249], [1.4901160293679351e-08, -0.3837924003601074, -0.9234193563461303]], "fy": 1111.1110311937682, "fx": 1111.1110311937682}, {"id": 28, "img_name": "r_008", "width": 800, "height": 800, "position": [1.2109174576316963, -3.6761808445479076, 1.1266648769378664], "rotation": [[0.9497993588447571, 0.08744150400161743, -0.30039164423942566], [0.3128596246242524, -0.2654604911804199, 0.9119482040405275], [7.450580587510112e-09, -0.9601481556892396, -0.27949115633964544]], "fy": 1111.1110311937682, "fx": 1111.1110311937682}, {"id": 29, "img_name": "r_009", "width": 800, "height": 800, "position": [2.054560291290413, -2.6515709526225084, 2.2356102466583256], "rotation": [[0.7904738187789917, 0.33968204259872437, -0.5096736550331116], [0.6124957799911499, -0.4383862912654878, 0.6577737927436828], [4.619226679913343e-17, -0.8321259021759034, -0.55458664894104]], "fy": 1111.1110311937682, "fx": 1111.1110311937682}, {"id": 30, "img_name": "r_010", "width": 800, "height": 800, "position": [2.424786600237236, -1.1584501777274405, 3.0047302246093746], "rotation": [[0.4310828149318695, 0.6725672483444213, -0.6015154719352722], [0.9023122787475585, -0.3213213384151459, 0.28737610578536993], [-7.466995085556076e-17, -0.6666377186775209, -0.745381772518158]], "fy": 1111.1110311937682, "fx": 1111.1110311937682}, {"id": 31, "img_name": "r_011", "width": 800, "height": 800, "position": [-2.4303824701743895, 1.9733492382121283, 2.539514541625977], "rotation": [[-0.6303353905677797, -0.489064812660217, 0.6029036641120908], [-0.7763228416442869, 0.3970962166786194, -0.4895276725292205], [-0.0, -0.7766146063804625, -0.6299760341644288]], "fy": 1111.1110311937682, "fx": 1111.1110311937682}, {"id": 32, "img_name": "r_012", "width": 800, "height": 800, "position": [0.3155170726833342, 1.7729268065539474, 3.6065466403961177], "rotation": [[-0.9845308661460878, 0.1567567586898804, -0.07827015966176987], [0.17521101236343384, 0.8808343410491943, -0.4398090541362762], [7.450579726141125e-09, -0.4467193782329559, -0.8946741819381713]], "fy": 1111.1110311937682, "fx": 1111.1110311937682}, {"id": 33, "img_name": "r_013", "width": 800, "height": 800, "position": [-1.2516913370489697, 1.0860666086753135, 3.6747419834136967], "rotation": [[-0.6553671360015869, -0.6885344386100768, 0.3105063736438751], [-0.7553104162216187, 0.5974270105361938, -0.269419938325882], [1.4901160311651587e-08, -0.41109770536422735, -0.9115912318229676]], "fy": 1111.1110311937682, "fx": 1111.1110311937682}, {"id": 34, "img_name": "r_014", "width": 800, "height": 800, "position": [0.12975570534977426, -0.022681967826934185, 4.0289764404296875], "rotation": [[0.17219410836696622, 0.9845370650291442, -0.032188426703214645], [0.9850629568099974, -0.17210216820240024, 0.005626703146845102], [-4.6566123082243484e-10, -0.03267478197813034, -0.9994660019874572]], "fy": 1111.1110311937682, "fx": 1111.1110311937682}, {"id": 35, "img_name": "r_015", "width": 800, "height": 800, "position": [-0.5847386889640032, -1.8866668701596634, 3.5140531063079843], "rotation": [[0.9551757574081419, -0.2580664157867431, 0.1450558006763458], [-0.29603964090347284, -0.8326545953750608, 0.4680244326591491], [-7.450581503190143e-09, -0.48998779058456426, -0.8717292547225952]], "fy": 1111.1110311937682, "fx": 1111.1110311937682}, {"id": 36, "img_name": "r_016", "width": 800, "height": 800, "position": [1.1164175247068229, -3.339759112237437, 1.962044954299927], "rotation": [[0.9484133124351503, 0.15430906414985657, -0.2769491076469422], [0.3170364201068879, -0.4616149961948394, 0.828492283821106], [1.4901160289703297e-08, -0.8735560774803163, -0.48672345280647283]], "fy": 1111.1110311937682, "fx": 1111.1110311937682}, {"id": 37, "img_name": "r_017", "width": 800, "height": 800, "position": [-1.7687101308041335, -1.117441474397096, 3.4457204341888437], "rotation": [[0.5341165065765381, -0.7226386666297914, 0.4387629330158233], [-0.8454108238220215, -0.4565511047840119, 0.2772031128406525], [4.011449873434738e-17, -0.5189936757087708, -0.8547779917716981]], "fy": 1111.1110311937682, "fx": 1111.1110311937682}, {"id": 38, "img_name": "r_018", "width": 800, "height": 800, "position": [1.4141850533796183, -0.38600555760093624, 3.7551405429840097], "rotation": [[0.2633197605609894, 0.8986604809761046, -0.3508161306381225], [0.9647086262702941, -0.24529176950454706, 0.09575619548559189], [-1.2471420362522333e-17, -0.36364978551864624, -0.9315357208251953]], "fy": 1111.1110311937682, "fx": 1111.1110311937682}, {"id": 39, "img_name": "r_019", "width": 800, "height": 800, "position": [-0.1108609739165995, 0.5959541824762152, 3.985291481018066], "rotation": [[-0.9831342101097106, -0.18080568313598633, 0.027501225471496582], [-0.18288522958755488, 0.9719551801681519, -0.14783804118633267], [-6.859992453998245e-18, -0.1503741145133972, -0.9886291027069092]], "fy": 1111.1110311937682, "fx": 1111.1110311937682}, {"id": 40, "img_name": "r_020", "width": 800, "height": 800, "position": [-1.275687099916254, -3.0457978242677455, 2.3120851516723633], "rotation": [[0.9223651885986327, -0.2215762436389922, 0.3164590001106262], [-0.386318951845169, -0.5290297269821165, 0.7555693984031677], [-2.2736397514251076e-17, -0.819165050983429, -0.573557674884796]], "fy": 1111.1110311937682, "fx": 1111.1110311937682}, {"id": 41, "img_name": "r_021", "width": 800, "height": 800, "position": [3.5722423269103145, 1.7314771225028878, 0.7007652521133424], "rotation": [[-0.4361676275730133, 0.1564312130212784, -0.8861642479896545], [0.8998654484748841, 0.07582270354032518, -0.4295266270637512], [-2.459599742134266e-17, -0.984774112701416, -0.17383846640586856]], "fy": 1111.1110311937682, "fx": 1111.1110311937682}, {"id": 42, "img_name": "r_022", "width": 800, "height": 800, "position": [-0.7447016801640525, 3.6794438368916422, 1.4687113761901853], "rotation": [[-0.9801265597343445, -0.07227567583322525, 0.18473774194717407], [-0.19837288558483124, 0.3571017384529114, -0.912757635116577], [7.450580148226552e-09, -0.9312650561332703, -0.36434245109558094]], "fy": 1111.1110311937682, "fx": 1111.1110311937682}, {"id": 43, "img_name": "r_023", "width": 800, "height": 800, "position": [2.6727995854682605, -0.519368598092427, 2.9726078510284415], "rotation": [[0.19074843823909762, 0.7238736748695376, -0.6630399823188782], [0.9816389083862306, -0.14066046476364139, 0.12883949279785153], [7.450579229581772e-09, -0.6754416823387146, -0.7374132871627805]], "fy": 1111.1110311937682, "fx": 1111.1110311937682}, {"id": 44, "img_name": "r_024", "width": 800, "height": 800, "position": [2.077725165237379, -1.837476738041957, 2.9251902103424063], "rotation": [[0.6624705195426944, 0.5435760021209717, -0.515420138835907], [0.7490879893302917, -0.4807219803333282, 0.45582184195518494], [1.4901159383059197e-08, -0.6880636215209962, -0.7256503105163576]], "fy": 1111.1110311937682, "fx": 1111.1110311937682}, {"id": 45, "img_name": "r_025", "width": 800, "height": 800, "position": [2.0764378850711016, 2.140265051068411, 2.7125024795532227], "rotation": [[-0.7177278399467469, 0.46854862570762645, -0.5151008963584899], [0.6963236927986146, 0.48295122385025024, -0.530934453010559], [-0.0, -0.7397434115409852, -0.6728891134262085]], "fy": 1111.1110311937682, "fx": 1111.1110311937682}, {"id": 46, "img_name": "r_026", "width": 800, "height": 800, "position": [2.138393214313803, 3.3763754047150853, 0.5266531705856323], "rotation": [[-0.8448165655136111, 0.06990323215723038, -0.530470073223114], [0.5350559949874877, 0.11037238687276842, -0.837575674057007], [-0.0, -0.9914289712905884, -0.13064657151699066]], "fy": 1111.1110311937682, "fx": 1111.1110311937682}, {"id": 47, "img_name": "r_027", "width": 800, "height": 800, "position": [3.326909544356182, 0.47425837710812596, 2.2263765335083003], "rotation": [[-0.14112554490566256, 0.5467685461044312, -0.825304687023163], [0.9899917840957642, 0.0779430791735649, -0.11764902621507645], [-0.0, -0.8336480855941771, -0.5522960424423217]], "fy": 1111.1110311937682, "fx": 1111.1110311937682}, {"id": 48, "img_name": "r_028", "width": 800, "height": 800, "position": [-3.214975356253184, 0.16589812999425488, 2.426192760467529], "rotation": [[-0.05153311416506768, -0.6010646820068358, 0.7975372076034547], [-0.998671293258667, 0.03101594559848308, -0.04115425795316696], [-0.0, -0.7985982894897461, -0.6018643379211426]], "fy": 1111.1110311937682, "fx": 1111.1110311937682}, {"id": 49, "img_name": "r_029", "width": 800, "height": 800, "position": [-2.6055359569009946, -1.6750574534072313, 2.579799413681032], "rotation": [[0.540773570537567, -0.5383219718933107, 0.6463539004325867], [-0.8411681056022643, -0.34607863426208496, 0.41553059220314015], [2.9802320628322337e-08, -0.7684003710746766, -0.6399694681167604]], "fy": 1111.1110311937682, "fx": 1111.1110311937682}, {"id": 50, "img_name": "r_030", "width": 800, "height": 800, "position": [-0.9311994314299105, -0.011054809248919622, 3.9220843315124516], "rotation": [[0.01187074463814497, -0.9728807806968689, 0.23100215196609497], [-0.9999295473098755, -0.011549632996320726, 0.0027423608116805553], [-0.0, -0.23101845383644107, -0.9729493856430055]], "fy": 1111.1110311937682, "fx": 1111.1110311937682}, {"id": 51, "img_name": "r_031", "width": 800, "height": 800, "position": [1.4178464421988286, -3.7143034476394914, 0.6660793423652648], "rotation": [[0.9342469573020934, 0.0589267984032631, -0.35172438621521007], [0.3566264212131501, -0.1543693393468857, 0.921405255794525], [-0.0, -0.9862544536590577, -0.16523393988609314]], "fy": 1111.1110311937682, "fx": 1111.1110311937682}, {"id": 52, "img_name": "r_032", "width": 800, "height": 800, "position": [1.2032287209355963, -0.6491598322795735, 3.7922067642211914], "rotation": [[0.4748183488845824, 0.8279219269752504, -0.2984842956066132], [0.8800838589668273, -0.44667619466781605, 0.16103672981262204], [1.4901161178330853e-08, -0.33915436267852794, -0.9407306909561156]], "fy": 1111.1110311937682, "fx": 1111.1110311937682}, {"id": 53, "img_name": "r_033", "width": 800, "height": 800, "position": [1.5679798088250518, -0.27902801978451525, 3.703185319900513], "rotation": [[0.17520134150981903, 0.9044380784034729, -0.38896796107292175], [0.9845325350761415, -0.16094823181629178, 0.06921833753585817], [-7.450579260598486e-09, -0.3950788378715515, -0.9186472892761232]], "fy": 1111.1110311937682, "fx": 1111.1110311937682}, {"id": 54, "img_name": "r_034", "width": 800, "height": 800, "position": [1.1143711589184777, 2.871091851041248, 2.6009628772735596], "rotation": [[-0.9322419166564941, 0.23346342146396637, -0.2764414548873902], [0.3618356883525849, 0.6015005707740785, -0.7122302055358887], [-1.4901161172927577e-08, -0.7639972567558289, -0.6452194452285767]], "fy": 1111.1110311937682, "fx": 1111.1110311937682}, {"id": 55, "img_name": "r_035", "width": 800, "height": 800, "position": [-2.6441611510511436, -2.762916883770609, 1.2746376991272006], "rotation": [[0.7224627137184143, -0.21862287819385526, 0.6559357047080994], [-0.6914097666740417, -0.22844177484512326, 0.6853954195976258], [-1.4901157650792054e-08, -0.9486929774284362, -0.3161987364292145]], "fy": 1111.1110311937682, "fx": 1111.1110311937682}, {"id": 56, "img_name": "r_036", "width": 800, "height": 800, "position": [0.2181796215623939, -2.7484617226758616, 2.940808773040772], "rotation": [[0.9968640208244325, 0.0577298514544964, -0.05412369593977929], [0.07913349568843843, -0.7272369861602783, 0.6818093657493592], [-1.0124190253378464e-17, -0.6839541792869566, -0.7295247912406921]], "fy": 1111.1110311937682, "fx": 1111.1110311937682}, {"id": 57, "img_name": "r_037", "width": 800, "height": 800, "position": [1.7543808202711249, -1.4468040489476077, 3.3284988403320317], "rotation": [[0.6362364292144775, 0.6370218992233276, -0.4352083504199983], [0.7714942693710327, -0.5253396630287169, 0.35890793800354004], [7.072365703231772e-17, -0.5641109943389893, -0.8256990313529968]], "fy": 1111.1110311937682, "fx": 1111.1110311937682}, {"id": 58, "img_name": "r_038", "width": 800, "height": 800, "position": [-1.7541502559391309, 2.7888279058528083, 2.32279896736145], "rotation": [[-0.846476137638092, -0.30679249763488775, 0.4351511299610138], [-0.532426655292511, 0.4877526760101319, -0.691823065280914], [-1.4901161134697066e-08, -0.8172977566719055, -0.5762155055999756]], "fy": 1111.1110311937682, "fx": 1111.1110311937682}, {"id": 59, "img_name": "r_039", "width": 800, "height": 800, "position": [3.7695314767123995, 1.3023928742667734, 0.5868617296218871], "rotation": [[-0.3265630900859832, 0.13760098814964294, -0.9351056814193727], [0.9451754689216613, 0.04754186049103738, -0.323083907365799], [6.488599296909316e-18, -0.9893461465835571, -0.14558248221874234]], "fy": 1111.1110311937682, "fx": 1111.1110311937682}, {"id": 60, "img_name": "r_040", "width": 800, "height": 800, "position": [-0.6640255347573465, 1.0675731140456144, 3.8300597667694074], "rotation": [[-0.8491429686546325, -0.5018187761306762, 0.16472446918487552], [-0.5281630754470824, 0.8067884445190432, -0.26483228802680975], [1.4901161217524623e-08, -0.3118819296360016, -0.9501208662986756]], "fy": 1111.1110311937682, "fx": 1111.1110311937682}, {"id": 61, "img_name": "r_041", "width": 800, "height": 800, "position": [0.16630089519211602, 3.0230646132123375, 2.6614704132080087], "rotation": [[-0.9984903931617738, 0.03626485541462898, -0.04125417396426201], [0.054927654564380646, 0.6592327952384949, -0.7499300241470334], [5.211552187716845e-18, -0.7510638236999513, -0.6602295637130738]], "fy": 1111.1110311937682, "fx": 1111.1110311937682}, {"id": 62, "img_name": "r_042", "width": 800, "height": 800, "position": [-0.015978219349835985, 0.04522126834457472, 4.030843257904053], "rotation": [[-0.9428739547729492, -0.3331259787082672, 0.003963708411902188], [-0.3331495523452759, 0.9428072571754457, -0.01121801696717739], [-0.0, -0.011893190443515776, -0.9999292492866516]], "fy": 1111.1110311937682, "fx": 1111.1110311937682}, {"id": 63, "img_name": "r_043", "width": 800, "height": 800, "position": [0.07699110702310531, 3.823275566031931, 1.2753969430923462], "rotation": [[-0.9997973442077637, 0.006369942799210548, -0.01909914240241051], [0.020133391022682193, 0.31632286310195923, -0.9484379291534424], [4.656613437621927e-10, -0.9486300945281981, -0.31638702750205994]], "fy": 1111.1110311937682, "fx": 1111.1110311937682}, {"id": 64, "img_name": "r_044", "width": 800, "height": 800, "position": [-1.0195859797686815, -2.255960751031049, 3.1813652515411395], "rotation": [[0.9112547039985658, -0.3250266015529634, 0.2529281675815582], [-0.41184341907501215, -0.7191617488861085, 0.5596349835395812], [1.4901162922309147e-08, -0.6141367554664611, -0.7891995906829833]], "fy": 1111.1110311937682, "fx": 1111.1110311937682}, {"id": 65, "img_name": "r_045", "width": 800, "height": 800, "position": [3.2468294988694684, 0.7402129053836801, 2.2716035842895503], "rotation": [[-0.22227695584297186, 0.5494183897972106, -0.8054392337799072], [0.9749835729599, 0.1252565085887909, -0.18362420797348022], [-7.4505806058693e-09, -0.826105535030365, -0.5635154843330382]], "fy": 1111.1110311937682, "fx": 1111.1110311937682}, {"id": 66, "img_name": "r_046", "width": 800, "height": 800, "position": [-1.0968659726272223, -3.6254265426350742, 1.3795533180236816], "rotation": [[0.957152485847473, -0.09910312294960018, 0.272098958492279], [-0.2895846962928772, -0.32756152749061584, 0.8993576169013976], [-0.0, -0.9396179914474486, -0.342225044965744]], "fy": 1111.1110311937682, "fx": 1111.1110311937682}, {"id": 67, "img_name": "r_047", "width": 800, "height": 800, "position": [-3.3930761667451192, -0.8495389808886812, 2.0038254261016846], "rotation": [[0.24287728965282443, -0.48220360279083263, 0.8417186737060546], [-0.9700569510459901, -0.12073137611150744, 0.2107446938753128], [-1.168119172493978e-17, -0.8677001595497131, -0.4970879554748536]], "fy": 1111.1110311937682, "fx": 1111.1110311937682}, {"id": 68, "img_name": "r_048", "width": 800, "height": 800, "position": [0.19566632064530728, -0.6536845542470663, 3.972959995269776], "rotation": [[0.9580032229423524, 0.28261962532997137, -0.048538837581872954], [0.2867574989795685, -0.9441793560981749, 0.16215917468070984], [-0.0, -0.16926774382591248, -0.9855700731277467]], "fy": 1111.1110311937682, "fx": 1111.1110311937682}, {"id": 69, "img_name": "r_049", "width": 800, "height": 800, "position": [-3.1333017274848944, 1.6014939692136385, 1.9666312932968142], "rotation": [[-0.45511749386787415, -0.4344069063663484, 0.7772764563560487], [-0.8904313445091246, 0.22203417122364041, -0.3972817361354828], [-1.4901161196287707e-08, -0.8729211688041688, -0.4878611862659455]], "fy": 1111.1110311937682, "fx": 1111.1110311937682}, {"id": 70, "img_name": "r_050", "width": 800, "height": 800, "position": [2.173090181796063, 2.6297948671984557, 2.1475236415863046], "rotation": [[-0.7708680033683777, 0.3393494486808777, -0.539077341556549], [0.6369947791099548, 0.41066840291023243, -0.6523718237876892], [1.4901160296425515e-08, -0.8462820053100587, -0.5327350497245789]], "fy": 1111.1110311937682, "fx": 1111.1110311937682}, {"id": 71, "img_name": "r_051", "width": 800, "height": 800, "position": [-1.449275257675733, -2.0187274536126587, 3.1740100383758545], "rotation": [[0.8123366236686708, -0.459188312292099, 0.3595209121704102], [-0.5831887722015381, -0.6396135687828064, 0.5007846355438234], [-4.370809121840398e-17, -0.6164742708206178, -0.7873749732971193]], "fy": 1111.1110311937682, "fx": 1111.1110311937682}, {"id": 72, "img_name": "r_052", "width": 800, "height": 800, "position": [-2.359502831591688, 3.074153154778046, 1.1101037263870237], "rotation": [[-0.7932757139205934, -0.1676702797412873, 0.5853205919265747], [-0.6088624000549318, 0.21845455467700958, -0.762603521347046], [-1.4901160306942547e-08, -0.9613346457481385, -0.27538284659385687]], "fy": 1111.1110311937682, "fx": 1111.1110311937682}, {"id": 73, "img_name": "r_053", "width": 800, "height": 800, "position": [-1.2819088931508973, 1.568128187293998, 3.4853527545928964], "rotation": [[-0.7742246389389037, -0.5472208261489867, 0.3180024623870849], [-0.6329109072685241, 0.669402003288269, -0.3890047073364257], [-1.4901161214121678e-08, -0.5024442672729492, -0.8646095991134641]], "fy": 1111.1110311937682, "fx": 1111.1110311937682}, {"id": 74, "img_name": "r_054", "width": 800, "height": 800, "position": [-1.4155843807268764, -3.7070007569655985, 0.7101172208786014], "rotation": [[0.9342029690742493, -0.06284311413764954, 0.35116326808929443], [-0.3567420840263366, -0.1645677089691162, 0.9195936918258666], [3.725290285685481e-09, -0.9843618869781494, -0.17615839838981628]], "fy": 1111.1110311937682, "fx": 1111.1110311937682}, {"id": 75, "img_name": "r_055", "width": 800, "height": 800, "position": [2.4263634998426458, -1.0586936940054754, 3.0400538444519034], "rotation": [[0.3999180793762206, 0.6912117600440977, -0.6019067168235779], [0.9165508151054382, -0.30159601569175715, 0.2626295983791352], [3.8369962842134375e-17, -0.6567084193229676, -0.754144549369812]], "fy": 1111.1110311937682, "fx": 1111.1110311937682}, {"id": 76, "img_name": "r_056", "width": 800, "height": 800, "position": [-2.329758059952626, -2.838614790301551, 1.6626765727996802], "rotation": [[0.7729882001876831, -0.2616726160049438, 0.5779418349266051], [-0.6344205141067504, -0.31882610917091375, 0.7041736245155334], [-1.4901162977503514e-08, -0.9109759330749513, -0.4124592840671539]], "fy": 1111.1110311937682, "fx": 1111.1110311937682}, {"id": 77, "img_name": "r_057", "width": 800, "height": 800, "position": [1.352192793935631, -2.2557519945464755, 3.055021762847898], "rotation": [[0.8577039837837218, 0.38964784145355214, -0.3354377150535584], [0.5141438841819762, -0.6500174999237057, 0.5595831871032716], [-1.4901161177976049e-08, -0.6524198651313784, -0.757857620716095]], "fy": 1111.1110311937682, "fx": 1111.1110311937682}, {"id": 78, "img_name": "r_058", "width": 800, "height": 800, "position": [-1.1491660852121606, -0.8174794029024907, 3.7763929367065434], "rotation": [[0.5796625018119812, -0.7633641362190245, 0.28507304191589355], [-0.8148565888404846, -0.5430324077606201, 0.20279169082641596], [-4.2375218115112894e-17, -0.3498444259166717, -0.9368078708648682]], "fy": 1111.1110311937682, "fx": 1111.1110311937682}, {"id": 79, "img_name": "r_059", "width": 800, "height": 800, "position": [-0.23277912629566852, -0.5444757955674081, 3.98740005493164], "rotation": [[0.9194916486740112, -0.38884493708610535, 0.05774540081620217], [-0.3931092321872712, -0.9095173478126526, 0.13506783545017242], [-0.0, -0.14689390361309052, -0.9891523122787474]], "fy": 1111.1110311937682, "fx": 1111.1110311937682}, {"id": 80, "img_name": "r_060", "width": 800, "height": 800, "position": [3.7734465613802275, -0.26535526801843057, 1.3930854797363283], "rotation": [[0.07014848291873932, 0.34473070502281183, -0.9360768795013428], [0.9975364208221437, -0.024242056533694267, 0.06582654267549515], [1.8626449273164234e-09, -0.9383885860443113, -0.345581978559494]], "fy": 1111.1110311937682, "fx": 1111.1110311937682}, {"id": 81, "img_name": "r_061", "width": 800, "height": 800, "position": [0.5663328582569815, -2.80248666181974, 2.841713428497314], "rotation": [[0.9801862239837646, 0.13963374495506287, -0.14048987627029422], [0.19807825982570645, -0.6909747123718262, 0.6952112913131715], [7.450580589666259e-09, -0.709264576435089, -0.7049422860145568]], "fy": 1111.1110311937682, "fx": 1111.1110311937682}, {"id": 82, "img_name": "r_062", "width": 800, "height": 800, "position": [1.7187810173582212, 0.8508035673137333, 3.5456910133361808], "rotation": [[-0.4436280727386474, 0.7882871031761168, -0.4263770878314971], [0.8962109088897706, 0.390205353498459, -0.21105839312076574], [1.4901160250268962e-08, -0.4757553040981292, -0.8795776963233949]], "fy": 1111.1110311937682, "fx": 1111.1110311937682}, {"id": 83, "img_name": "r_063", "width": 800, "height": 800, "position": [0.32047719602594404, -1.466397654281585, 3.741252899169922], "rotation": [[0.9769413471221922, 0.19815467298030848, -0.07950060814619064], [0.21350787580013272, -0.9066901206970214, 0.36376845836639404], [-1.2879844029605982e-17, -0.37235429883003235, -0.9280905723571777]], "fy": 1111.1110311937682, "fx": 1111.1110311937682}, {"id": 84, "img_name": "r_064", "width": 800, "height": 800, "position": [-3.10069375893526, -1.3664929782804829, 2.18366551399231], "rotation": [[0.4032794535160065, -0.4956977665424348, 0.7691874504089357], [-0.9150767922401429, -0.2184567749500275, 0.33898520469665533], [-0.0, -0.8405714631080627, -0.5417007207870483]], "fy": 1111.1110311937682, "fx": 1111.1110311937682}, {"id": 85, "img_name": "r_065", "width": 800, "height": 800, "position": [1.9554085736697646, 0.08807634154777597, 3.5240063667297368], "rotation": [[-0.04499680548906326, 0.8733129501342773, -0.4850771725177766], [0.9989871382713318, 0.03933613747358322, -0.021849052980542197], [-0.0, -0.4855689108371736, -0.8741983771324159]], "fy": 1111.1110311937682, "fx": 1111.1110311937682}, {"id": 86, "img_name": "r_066", "width": 800, "height": 800, "position": [-0.6562314024294053, -0.4818171871337277, 3.9480643272399907], "rotation": [[0.5918274521827698, -0.7894550561904907, 0.1627909690141678], [-0.8060647249221803, -0.5796324014663696, 0.11952412873506546], [-7.45058148627824e-09, -0.20195773243904114, -0.9793941974639893]], "fy": 1111.1110311937682, "fx": 1111.1110311937682}, {"id": 87, "img_name": "r_067", "width": 800, "height": 800, "position": [-1.9009349372482522, 0.34882049318213926, 3.5376222133636483], "rotation": [[-0.18048590421676636, -0.8631640076637268, 0.47156390547752386], [-0.9835775494575499, 0.1583901047706604, -0.08653171360492706], [-1.1978808276033252e-17, -0.4794373512268067, -0.8775760531425475]], "fy": 1111.1110311937682, "fx": 1111.1110311937682}, {"id": 88, "img_name": "r_068", "width": 800, "height": 800, "position": [2.4593750411141753, -2.595358229912055, 1.8616096973419212], "rotation": [[0.7258668541908266, 0.3176481425762176, -0.6100957989692688], [0.6878352761268616, -0.33521148562431347, 0.6438290476799011], [-1.4901162950828356e-08, -0.8869795799255372, -0.46180850267410284]], "fy": 1111.1110311937682, "fx": 1111.1110311937682}, {"id": 89, "img_name": "r_069", "width": 800, "height": 800, "position": [-2.776997129932905, 2.6384260227684893, 1.2557847499847412], "rotation": [[-0.6887876391410827, -0.2258418649435044, 0.6888881921768188], [-0.7249630093574523, 0.2145724296569824, -0.6545129418373108], [-3.8240970601144567e-17, -0.9502389430999755, -0.31152185797691345]], "fy": 1111.1110311937682, "fx": 1111.1110311937682}, {"id": 90, "img_name": "r_070", "width": 800, "height": 800, "position": [0.8884083627053928, -3.3532731691389723, 2.053360700607299], "rotation": [[0.9666498303413391, 0.1304522007703781, -0.22038699686527255], [0.25610193610191345, -0.4923882782459259, 0.8318446874618529], [7.4505806031078e-09, -0.8605439066886903, -0.5093761086463927]], "fy": 1111.1110311937682, "fx": 1111.1110311937682}, {"id": 91, "img_name": "r_071", "width": 800, "height": 800, "position": [3.746689322359029, 1.3358489197892638, 0.6540849208831787], "rotation": [[-0.33583369851112355, 0.1528347432613373, -0.9294391870498657], [0.941921293735504, 0.05449187755584717, -0.3313833177089691], [3.7252900741671115e-09, -0.9867483377456664, -0.16225849092006683]], "fy": 1111.1110311937682, "fx": 1111.1110311937682}, {"id": 92, "img_name": "r_072", "width": 800, "height": 800, "position": [-3.072341061945283, -2.1580043846888723, 1.4675617218017576], "rotation": [[0.5747783184051515, -0.29791137576103216, 0.7621539831161498], [-0.8183092474937439, -0.20925219357013702, 0.5353350043296815], [-0.0, -0.9313764572143555, -0.3640572428703308]], "fy": 1111.1110311937682, "fx": 1111.1110311937682}, {"id": 93, "img_name": "r_073", "width": 800, "height": 800, "position": [2.342710369068838, -2.246057869880059, 2.3910107612609868], "rotation": [[0.6920595765113832, 0.4281500577926634, -0.5811548829078675], [0.7218403220176698, -0.4104860126972198, 0.5571783781051636], [-0.0, -0.8051016926765442, -0.5931367874145508]], "fy": 1111.1110311937682, "fx": 1111.1110311937682}, {"id": 94, "img_name": "r_074", "width": 800, "height": 800, "position": [1.5018861647129103, -0.8394401037329686, 3.6455011367797865], "rotation": [[0.4878880977630615, 0.7894018292427063, -0.3725720942020417], [0.8729060888290404, -0.44121557474136347, 0.20823946595191953], [1.49011585765184e-08, -0.42681813240051264, -0.9043375253677367]], "fy": 1111.1110311937682, "fx": 1111.1110311937682}, {"id": 95, "img_name": "r_075", "width": 800, "height": 800, "position": [-3.2075934482762984, 0.5765993190876101, 2.3725256919860835], "rotation": [[-0.1769248992204666, -0.5792663693428041, 0.7957060933113098], [-0.9842244386672975, 0.104129359126091, -0.14303670823574066], [-2.208527883469013e-17, -0.8084599375724792, -0.5885512232780455]], "fy": 1111.1110311937682, "fx": 1111.1110311937682}, {"id": 96, "img_name": "r_076", "width": 800, "height": 800, "position": [-1.9078911542871584, -0.08493360881725384, 3.550033569335938], "rotation": [[0.04447296261787415, -0.8797835111618042, 0.47328954935073847], [-0.9990106225013733, -0.03916532918810844, 0.02106943540275097], [6.1047252731786146e-18, -0.4737581908702851, -0.8806549310684204]], "fy": 1111.1110311937682, "fx": 1111.1110311937682}, {"id": 97, "img_name": "r_077", "width": 800, "height": 800, "position": [2.556920038054608, -1.9117021741501554, 2.4612102508544926], "rotation": [[0.5987989902496339, 0.488990068435669, -0.6342937946319577], [0.8008993864059448, -0.3655974268913269, 0.47423493862152105], [3.521037841929981e-17, -0.7919768691062927, -0.6105511188507081]], "fy": 1111.1110311937682, "fx": 1111.1110311937682}, {"id": 98, "img_name": "r_078", "width": 800, "height": 800, "position": [3.5309252726995877, -0.3890067149449001, 1.905581593513489], "rotation": [[0.10950874537229537, 0.469873547554016, -0.8759147524833679], [0.9939858317375182, -0.05176659300923347, 0.0965006873011589], [-3.7252903014299e-09, -0.8812144398689269, -0.472716599702835]], "fy": 1111.1110311937682, "fx": 1111.1110311937682}, {"id": 99, "img_name": "r_079", "width": 800, "height": 800, "position": [1.2131874395465276, -2.5924522954349603, 2.838550090789795], "rotation": [[0.9057305455207825, 0.2984598875045777, -0.30095475912094116], [0.42385387420654297, -0.6377769708633424, 0.6431082487106322], [-0.0, -0.7100436091423036, -0.704157590866089]], "fy": 1111.1110311937682, "fx": 1111.1110311937682}, {"id": 100, "img_name": "r_080", "width": 800, "height": 800, "position": [3.410170154475683, -1.4871540706479314, 1.5521317720413208], "rotation": [[0.3997367322444916, 0.35293602943420405, -0.8459591865539552], [0.9166300296783447, -0.15391322970390317, 0.36891758441925054], [2.3480082609428143e-17, -0.9229013919830321, -0.38503655791282654]], "fy": 1111.1110311937682, "fx": 1111.1110311937682}, {"id": 101, "img_name": "r_081", "width": 800, "height": 800, "position": [1.2178107111952887, 2.836017335700843, 2.5930566787719744], "rotati